Iterations (1, 10, 50, 100, 200, 500, 1000) 3 layers, network [64, 10, 10]:
[0.10317460317460317, 0.8835978835978836, 0.8677248677248677, 0.9232804232804233, 0.8412698412698413, 0.9047619047619048, 0.9391534391534392]
Learning rates (0.0001, 0.0005, 0.001, 0.005, 0.01, 0.05, 0.1, 0.3, 0.5) 3 layers:
[0.05555555555555555, 0.23015873015873015, 0.7433862433862434, 0.9021164021164021, 0.9285714285714286, 0.9126984126984127, 0.9391534391534392, 0.373015873015873, 0.19576719576719576]
Iterations (1, 10, 50, 100, 200, 500, 1000) 4 layers [64, 10, 10]:
[0.082010582010582, 0.082010582010582, 0.8465608465608465, 0.9365079365079365, 0.9391534391534392, 0.9206349206349206, 0.9603174603174603]
Learning rates (0.0001, 0.0005, 0.001, 0.005, 0.01, 0.05, 0.1, 0.3, 0.5) 4 layers [64, 10, 10]:
[0.082010582010582, 0.082010582010582, 0.082010582010582, 0.18518518518518517, 0.5767195767195767, 0.9444444444444444, 0.9365079365079365, 0.6402116402116402, 0.41005291005291006]

Iterations 4 layers, network [64, 31, 20, 10] :
[0.1164021164021164, 0.9417989417989417, 0.9761904761904762, 0.9682539682539683, 0.9735449735449735, 0.9814814814814815, 0.9788359788359788]
Learning 4 layers, network [64, 31, 20, 10] :
[0.15608465608465608, 0.164021164021164, 0.20105820105820105, 0.9497354497354498, 0.9656084656084656, 0.9894179894179894, 0.9761904761904762, 0.9312169312169312, 0.5661375661375662]
